24197
24206
24143
24221
24234
24242
24243
24260
24273
24270
24280
24286
24291
24291
24293
24291
24288
24287
24275
24266
24264
24267
24268
24269
24276
24283
24290
24293
24302
24314
24325
24329
24339
24347
24351
24357
24366
24379
24388
24391
24425
24408
24416
24427
24432
24438
24446
24467
24470
24482
24497
24509
24524
24524
24541
24546
24521
24410
24285
24164
24108
24132
24164
24196
24225
24257
24263
24246
24239
24252
24269
24301
24334
24365
24387
24442
24440
24457
24477
24488
24504
24479
24365
24288
24144
24157
24193
24220
24259
24278
24267
24248
24258
24285
24312
24337
24375
24401
24423
24430
24449
24406
24500
24450
24480
24357
24200
24105
24128
24168
24206
24237
24265
24262
24257
24255
24286
24327
24362
24390
24414
24440
24446
24469
24483
24502
24522
24536
24555
24580
24503
24330
24224
24134
24156
24208
24247
24284
24309
24311
24298
24293
24295
24314
24346
24313
24318
24415
24424
24431
24439
24466
24482
24455
24515
24539
24513
24403
24235
24100
24083
24132
24155
24191
24275
24224
24220
24203
24205
24216
24244
24282
24254
24328
24358
24370
24384
24395
24408
24422
24434
24461
24462
24374
24275
24114
24051
24087
24117
24168
24190
24189
24179
24171
24185
24213
24237
24249
24277
24310
24331
24337
24351
24357
24372
24390
24346
24251
24051
24007
24068
24116
24139
24152
24155
24151
24193
24172
24199
24229
24254
24277
24294
24317
24331
24342
24353
24372
24392
24417
24452
24303
24107
23986
23996
24025
24058
24097
24123
24132
24125
24116
24116
24133
24168
24193
24191
24245
24204
24278
24292
24309
24288
24348
24375
24397
24415
24412
24354
24171
23999
23956
23980
23986
24046
24081
24108
24121
24063
24091
24105
24121
24152
24189
24242
24242
24267
24280
24295
24299
24303
24323
24356
24366
24394
24414
24357
24232
23974
23978
24004
24038
24044
24112
24127
24105
24097
24114
24154
24182
24259
24230
24261
24282
24295
24306
24314
24325
24339
24365
24360
24288
24132
24027
24049
24119
24164
24203
24211
24201
24195
24198
24227
24258
24291
24317
24335
24324
24376
24391
24337
24414
24435
24450
24462
24370
24244
24086
24084
24119
24151
24183
24220
24240
24246
24234
24239
24265
24302
24330
24349
24383
24405
24425
24442
24390
24476
24496
24480
24522
24552
24562
24550
24425
24225
24090
24155
24198
24222
24271
24324
24290
24254
24282
24296
24338
24369
24401
24428
24439
24463
24483
24495
24483
24528
24546
24563
24571
24590
24586
24499
24307
24126
24170
24217
24254
24342
24388
24382
24343
24328
24336
24365
24398
24426
24467
24489
24509
24519
24534
24545
24565
24580
24595
24616
24619
24598
24362
24220
24250
24283
24319
24359
24388
24381
24354
24324
24356
24385
24432
24382
24472
24491
24509
24511
24515
24457
24544
24557
24548
24435
24310
24215
24230
24277
24325
24362
24368
24369
24355
24358
24411
24403
24436
24460
24481
24510
24522
24517
24547
24551
24561
24575
24591
24581
24472
24276
24165
24184
24221
24244
24276
24298
24293
24287
24343
24311
24346
24378
24398
24452
24444
24457
24472
24491
24517
24528
24545
24561
24575
24572
24559
24433
24219
24147
24170
24202
24246
24278
24328
24314
24299
24297
24324
24349
24376
24398