30537
30558
30575
30578
30581
30577
30578
30580
30561
30553
30547
30544
30535
30533
30530
30529
30534
30535
30543
30549
30563
30577
30585
30599
30610
30620
30642
30658
30672
30682
30697
30715
30720
30742
30712
30756
30762
30779
30783
30792
30804
30803
30818
30817
30828
30829
30842
30802
30885
30904
30936
30959
30985
30931
30721
30490
30299
30182
30080
30155
30238
30300
30333
30320
30315
30326
30390
30405
30475
30528
30570
30615
30637
30662
30681
30704
30734
30750
30784
30819
30739
30581
30225
29974
29784
29772
29894
30049
30121
30129
30125
30136
30198
30265
30332
30396
30434
30464
30508
30545
30585
30611
30639
30690
30679
30433
30120
29853
29638
29679
29815
29939
29997
30007
29994
30019
30069
30162
30166
30296
30342
30382
30395
30426
30464
30495
30529
30562
30598
30615
30471
30235
29920
29603
29519
29627
29718
29832
29881
29872
29869
29908
29952
30009
30079
30141
30206
30252
30289
30340
30359
30398
30446
30487
30530
30539
30312
29918
29545
29485
29676
29831
29883
29883
29836
29819
29857
29943
30031
30138
30205
30257
30279
30313
30343
30390
30430
30469
30445
30135
29799
29454
29483
29609
29778
29883
29897
29847
29812
29849
29945
30043
30126
30206
30243
30287
30327
30367
30411
30450
30504
30551
30588
30542
30258
29904
29459
29358
29473
29633
29771
29829
29818
29825
29782
29842
29947
30053
30136
30201
30243
30291
30324
30358
30399
30443
30468
30508
30553
30584
30587
30419
30100
29745
29445
29471
29607
29760
29886
29892
29869
29852
29912
30002
30103
30188
30239
30280
30327
30353
30398
30462
30474
30516
30555
30600
30597
30439
30125
29844
29634
29604
29688
29814
29907
29945
29929
29931
29973
30044
30121
30197
30260
30300
30338
30366
30404
30429
30476
30543
30548
30599
30579
30415
30125
29923
29828
29863
29949
30082
30147
30147
30131
30160
30220
30308
30405
30456
30484
30513
30550
30578
30604
30635
30659
30710
30639
30448
30162
30041
29983
30022
30152
30263
30289
30287
30282
30298
30366
30438
30492
30547
30587
30616
30651
30665
30689
30717
30746
30783
30833
30872
30723
30379
30100
29848
29802
29938
30120
30204
30223
30203
30254
30302
30385
30460
30554
30573
30620
30656
30687
30712
30750
30785
30826
30859
30902
30788
30395
30150
29997
29984
30084
30183
30265
30294
30295
30327
30400
30448
30518
30588
30639
30684
30720
30734
30755
30793
30828
30861
30898
30938
30862
30668
30358
30164
30079
30104
30172
30277
30330
30332
30314
30317
30346
30406
30474
30524
30590
30633
30670
30711
30687
30772
30816
30795
30670
30410
30231
30166
30183
30323
30449
30510
30502
30505
30536
30581
30639
30699
30751
30756
30823
30848
30870
30880
30896
30927
30961
30915
30645
30350
30137
30038
30082
30225
30354
30398
30411
30403
30458
30444
30519
30600
30661
30709
30746
30766
30745
30838
30871
30900
30941
30979
30994
30865
30541
30216
29932
29883
29913
30061
30155
30221
30223
30232
30281
30357
30431
30510
30582
30627
30668
30704
30707
30768
30819
30859
30880
30908
30919
30710
30465
30148
29819
29962
30110
30212
30265
30271
30287
30332
30393
30484
30557
30612
30666
30700
30730
30804
30782
30817
30839
30776
30426
30135
29920