77.0
143.0
147.0
139.0
143.0
145.0
137.0
147.0
141.0
140.0
143.0
135.0
142.0
139.0
139.0
140.0
142.0
137.0
140.0
146.0
138.0
146.0
148.0
145.0
143.0
147.0
145.0
140.0
138.0
145.0
144.0
146.0
143.0
154.0
141.0
141.0
146.0
139.0
148.0
141.0
145.0
146.0
149.0
139.0
150.0
139.0
144.0
138.0
144.0
142.0
145.0
140.0
142.0
147.0
119.0
139.0
142.0
145.0
142.0
138.0
149.0
140.0
141.0
140.0
146.0
176.0
147.0
141.0
148.0
142.0
142.0
142.0
137.0
146.0
146.0
140.0
134.0
147.0
142.0
144.0
148.0
144.0
139.0
153.0
150.0
136.0
146.0
146.0
138.0
139.0
140.0
147.0
147.0
141.0
145.0
148.0
137.0
98.0
147.0
137.0
144.0
153.0
147.0
148.0
207.0
147.0
146.0
145.0
148.0
142.0
143.0
146.0
147.0
146.0
147.0
184.0
145.0
142.0
148.0
80.0
144.0
149.0
167.0
142.0
148.0
139.0
148.0
161.0
141.0
149.0
142.0
143.0
149.0
139.0
192.0
141.0
143.0
144.0
144.0
145.0
140.0
141.0
143.0
210.0
81.0
148.0
146.0
141.0
139.0
145.0
143.0
193.0
140.0
138.0
143.0
102.0
487.0
485.0
697.0
1255.0
2560.0
5864.0
21988.0
22614.0
23519.0
23786.0
23829.0
23857.0
23909.0
23987.0
23941.0
23940.0
23929.0
23944.0
23951.0
23947.0
23954.0
23947.0
23922.0
23890.0
23866.0
23849.0
23843.0
23847.0
23826.0
23843.0
23855.0
23857.0
23836.0
23873.0
23918.0
23914.0
23902.0
23896.0
23895.0
23908.0
23899.0
23903.0
23936.0
23933.0
23922.0
23918.0
23926.0
23941.0
23953.0
23941.0
23890.0
23885.0
23927.0
23935.0
23944.0
23933.0
23912.0
23922.0
23923.0
23930.0
23932.0
23947.0
23950.0
23952.0
23911.0
23963.0
23966.0
23939.0
23947.0
23948.0
23949.0
23952.0
23953.0
23960.0
23971.0
23980.0
23991.0
23962.0
23945.0
23936.0
23924.0
23925.0
23924.0
23981.0
23971.0
23990.0
23996.0
23990.0
23993.0
23972.0
23949.0
23950.0
23945.0
23938.0
23934.0
23900.0
23913.0
23925.0
23927.0
23921.0
23912.0
23876.0
23855.0
23855.0
23850.0
23811.0
23854.0
23834.0
23837.0
23837.0
23834.0
23832.0
23834.0
23820.0
23792.0
23779.0
23799.0
23786.0
23864.0
23869.0
23871.0
23857.0
23851.0
23811.0
23827.0
23819.0
23813.0
23822.0
23823.0
23823.0
23819.0
23819.0
23820.0
23832.0
23829.0
23809.0
23800.0
23782.0
23785.0
23788.0
23795.0
23789.0
23790.0
23787.0
23780.0
23796.0
23813.0
23808.0
23804.0
23789.0
23761.0
23776.0
23801.0
23805.0
23807.0
23796.0
23789.0
23789.0
23799.0
23779.0
23769.0
23773.0
23772.0
23759.0
23745.0
23740.0
23729.0
23736.0
23733.0
23732.0
23719.0
23683.0
23667.0
23644.0
23652.0
23595.0
23640.0
23671.0
23650.0
23636.0
23647.0
23673.0
23666.0
23673.0
23664.0
23651.0
23592.0
23583.0
23609.0
23593.0
23601.0
23597.0
23549.0
23584.0
23575.0
23570.0
23568.0
23566.0
23559.0
23520.0
23580.0
23587.0
23585.0
23581.0
23599.0
23591.0
23603.0
23555.0
23550.0
23598.0
23547.0
23556.0
23542.0
23599.0
23617.0
23633.0
23614.0
23650.0
23634.0
23601.0
23540.0
23605.0
23611.0
23611.0
23632.0
23646.0
23644.0
23660.0
23662.0
23662.0
23633.0
23635.0
23641.0
23637.0
23630.0
23630.0
23628.0
23636.0
23648.0
23647.0
23660.0
23706.0
23609.0
23627.0
23620.0
23620.0
23612.0
23596.0
23611.0
23618.0
23621.0
23603.0
23626.0
23644.0
23654.0
23608.0
23608.0
23610.0
23601.0
23607.0
23613.0
23621.0
23631.0
23653.0
23668.0
23671.0
23664.0
23650.0
23647.0
23650.0
23653.0
23649.0
23654.0
23660.0
23673.0
23692.0
23699.0
23696.0
23655.0
23607.0
23580.0
23638.0
23698.0
23683.0
23689.0
23699.0
23699.0
23719.0
23733.0
23715.0
23687.0
23676.0
23686.0
23690.0
23688.0
23691.0
23637.0
23698.0
23694.0
23700.0
23707.0
23669.0
23652.0
23641.0
23646.0
23641.0
23643.0
23649.0
23656.0
23669.0
23721.0
23665.0
23656.0
23566.0
23602.0
23595.0
23593.0
23609.0
23621.0
23667.0
23618.0
23633.0
23633.0
23597.0
23599.0
23600.0
23597.0
23613.0
23604.0
23601.0
23657.0
23609.0
23605.0
23625.0
23592.0
23544.0
23530.0
23530.0
23533.0
23540.0
23549.0
23552.0
23553.0
23551.0
23539.0
23552.0
23557.0
23534.0
23539.0
23491.0
23477.0
23474.0
23497.0
23492.0
23498.0
23513.0
23506.0
23513.0
23506.0
23455.0
23513.0
23469.0
23479.0
23477.0
23473.0
23487.0
23522.0
23499.0
23502.0
23512.0
23475.0
23457.0
23518.0
23467.0
23470.0
23489.0
23488.0
23489.0
23519.0
23530.0
23540.0
23501.0
23493.0
23492.0
23479.0
23495.0
23494.0
23494.0
23505.0
23507.0
23464.0
23498.0
23449.0
23446.0
23447.0
23492.0
23456.0
23484.0
23482.0
23501.0
23471.0
23507.0
23503.0
23444.0
23444.0
23451.0
23453.0
23459.0
23460.0
23462.0
23467.0
23483.0
23484.0
23473.0
23454.0
23425.0
23434.0
23439.0
23439.0
23435.0
23430.0
23427.0
23430.0
23454.0
23448.0
23446.0
23469.0
23486.0
23486.0
23510.0
23519.0
23525.0
23528.0
23533.0
23530.0
23594.0
23488.0
23492.0
23508.0
23499.0
23505.0
23512.0
23553.0
23514.0
23528.0
23531.0
23537.0
23515.0
23504.0
23505.0
23528.0
23549.0
23555.0
23592.0
23640.0
23576.0
23652.0
23663.0
23628.0
23614.0
23605.0
23667.0
23632.0
23645.0
23649.0
23672.0
23692.0
23706.0
23714.0
23723.0
23676.0
23663.0
23660.0
23650.0
23657.0
23664.0
23685.0
23704.0
23739.0
23764.0
23775.0
23685.0
23628.0
23656.0
23662.0
23677.0
23690.0
23686.0
23696.0
23700.0
23618.0
23672.0
23672.0
23675.0
23696.0
23712.0
23725.0
23733.0
23739.0
23753.0
23734.0
23732.0
23763.0
23780.0
23737.0
23658.0
23683.0
23703.0
23719.0
23683.0
23649.0
23617.0
23598.0
23615.0
23559.0
23484.0
23547.0
23567.0
23569.0
23597.0
23608.0
23591.0
23589.0
23587.0
23581.0
23572.0
23587.0
23575.0
23563.0
23581.0
23583.0
23577.0
23494.0
23491.0
23448.0
23477.0
23504.0
23522.0
23540.0
23562.0
23517.0
22666.0
2757.0
153.0
161.0
157.0
158.0
155.0
155.0
157.0
159.0
169.0
162.0
149.0
158.0
120.0
197.0
157.0
154.0
156.0
152.0
149.0
149.0
147.0
153.0
149.0
157.0
154.0
154.0
156.0
149.0
153.0
157.0
142.0
148.0
153.0
148.0
150.0
150.0
149.0
147.0
150.0
150.0
147.0
150.0
152.0
151.0
150.0
148.0
150.0
151.0
148.0
160.0
155.0
148.0
152.0
214.0
147.0
152.0
145.0
205.0
147.0
146.0
156.0
155.0
154.0
144.0
146.0
150.0
188.0
146.0
157.0
153.0
154.0
151.0
150.0
148.0
147.0
155.0
150.0
149.0
153.0
152.0
150.0
149.0
153.0
154.0
158.0
202.0
172.0
159.0
149.0
145.0
158.0
147.0
152.0
152.0
145.0
163.0
155.0
152.0
145.0
156.0
152.0
149.0
151.0
149.0
149.0
159.0
159.0
160.0
150.0
159.0
150.0
148.0
150.0
154.0
151.0
153.0
148.0
148.0
113.0
146.0
152.0
150.0
204.0
161.0
153.0
151.0
151.0
146.0
155.0
149.0
145.0
149.0
146.0
157.0
151.0
153.0
205.0
155.0
156.0
142.0
145.0
147.0
148.0
149.0
149.0
146.0
147.0
147.0
152.0
148.0
151.0
150.0
150.0
156.0
150.0
151.0
155.0
149.0
152.0
151.0
145.0
160.0
155.0
147.0
164.0
150.0
150.0
149.0
147.0
148.0
147.0
145.0
147.0
149.0
151.0
149.0
157.0
145.0
145.0
147.0
151.0
146.0
145.0
150.0
153.0
147.0
157.0
149.0
116.0
148.0
147.0
146.0
150.0
152.0
154.0
151.0
144.0
148.0
144.0
146.0
148.0
151.0
150.0
153.0
151.0
151.0
153.0
161.0
154.0
146.0
151.0
199.0
149.0
151.0
98.0
152.0
153.0
154.0
165.0
147.0
147.0
150.0
151.0
148.0
155.0
146.0
99.0
155.0
153.0
146.0
214.0
147.0
152.0
149.0
155.0
146.0
160.0
148.0
156.0
153.0
158.0
147.0
158.0
152.0
162.0
144.0
117.0
151.0
155.0
111.0
156.0
144.0
151.0
148.0
149.0
150.0
152.0
148.0
150.0
145.0
147.0
152.0
149.0
146.0
184.0
200.0
149.0
151.0
145.0
149.0
148.0
149.0
128.0
148.0
142.0
150.0
151.0
143.0
149.0
146.0
148.0
146.0
148.0
208.0
150.0
143.0
149.0
150.0
143.0
151.0
147.0
151.0
148.0
152.0
148.0
146.0
145.0
147.0
149.0
154.0
144.0
148.0
149.0
152.0
149.0
145.0
148.0
146.0
148.0
150.0
150.0
152.0
147.0
150.0
153.0
88.0
138.0
156.0
145.0
151.0
145.0
150.0
146.0
123.0
154.0
150.0
150.0
157.0
147.0
147.0
155.0
215.0
146.0
147.0
151.0
150.0
150.0
149.0
147.0
148.0
156.0
152.0
151.0
149.0
156.0
151.0
151.0
147.0
148.0
150.0
152.0
148.0
146.0
147.0
200.0
145.0
144.0
145.0
149.0
151.0
152.0
156.0
159.0
150.0
147.0
149.0
154.0
148.0
154.0
153.0
153.0
146.0
199.0
154.0
148.0
147.0
146.0
146.0
150.0
148.0
151.0
157.0
151.0
152.0
150.0
150.0
148.0
339.0
2800.0
5029.0
6110.0
12206.0
19796.0
20072.0
20259.0
20562.0
21185.0
21329.0
21367.0
21462.0
21807.0
22062.0
22029.0
22169.0
22295.0
22359.0
22420.0
22499.0
22480.0
22509.0
22572.0
22621.0
22608.0
22628.0
22605.0
22626.0
22598.0
22564.0
22561.0
22537.0
22329.0
22104.0
21940.0
21814.0
21693.0
21684.0
21724.0
21687.0
21696.0
21570.0
21519.0
21639.0
21795.0
21783.0
21698.0
21765.0
21788.0
21815.0
21816.0
21818.0
21973.0
22008.0
22010.0
22106.0
22099.0
22138.0
22171.0
22177.0
22100.0
22108.0
22180.0
22223.0
22270.0
22042.0
21891.0
21959.0
22116.0
22168.0
22148.0
22035.0
21994.0
22058.0
22127.0
22174.0
22212.0
22215.0
22255.0
22286.0
22290.0
22199.0
22099.0
22100.0
22114.0
22152.0
22125.0
22134.0
22141.0
22154.0
22183.0
22163.0
22169.0
22216.0
22098.0
22079.0
22035.0
22148.0
22150.0
22104.0
22085.0
22175.0
22074.0
22084.0
22122.0
22131.0
22085.0
22010.0
21955.0
21934.0
21830.0
21787.0
21774.0
21790.0
21844.0
21854.0
22146.0
22251.0
22259.0
21972.0
21819.0
21775.0
21775.0
21794.0
21799.0
21781.0
21804.0
21824.0
21763.0
21676.0
21576.0
21610.0
21595.0
21556.0
21553.0
21566.0
21570.0
21545.0
21509.0
21507.0
21460.0
21476.0
21450.0
21462.0
21421.0
21449.0
21430.0
21406.0
21332.0
21376.0
21370.0
21390.0
21411.0
21374.0
21372.0
21399.0
21411.0
21413.0
21477.0
21487.0
21416.0
21406.0
21418.0
21411.0
21395.0
21304.0
21347.0
21403.0
21354.0
21282.0
21229.0
21180.0
21097.0
21047.0
21079.0
21000.0
21050.0
21053.0
21144.0
21235.0
21278.0
21313.0
21375.0
21425.0
21424.0
21412.0
21435.0
21445.0
21563.0
21809.0
21836.0
21902.0
21878.0
21852.0
21922.0
22023.0
22045.0
22044.0
21954.0
21871.0
21874.0
21773.0
21760.0
21756.0
21701.0
21684.0
21642.0
21631.0
21611.0
21633.0
21652.0
21609.0
21653.0
21689.0
21658.0
21675.0
21649.0
21694.0
21679.0
21679.0
21664.0
21654.0
21629.0
21637.0
21578.0
21640.0
21502.0
21504.0
21520.0
21547.0
21577.0
21587.0
21614.0
21679.0
21755.0
21777.0
21798.0
21906.0
22063.0
22064.0
22062.0
22039.0
22008.0
21963.0
21954.0
21983.0
21957.0
21966.0
22000.0
22029.0
21964.0
21965.0
22012.0
21954.0
21985.0
22023.0
22054.0
22040.0
22044.0
21994.0
21948.0
21906.0
21850.0
21814.0
21808.0
21811.0
21875.0
21871.0
21838.0
21853.0
21909.0
21952.0
21992.0
22040.0
22015.0
22020.0
22023.0
21989.0
21990.0
21981.0
21951.0
21939.0
21941.0
21977.0
21962.0
22000.0
21978.0
21965.0
21917.0
21892.0
21878.0
21916.0
21835.0
21863.0
21863.0
21909.0
21926.0
21944.0
21977.0
21911.0
21856.0
21850.0
21799.0
21753.0
21733.0
21688.0
21688.0
21620.0
21712.0
21760.0
21721.0
21675.0
21655.0
21658.0
21628.0
21626.0
21609.0
21565.0
21565.0
21598.0
21596.0
21552.0
21574.0
21583.0
21615.0
21642.0
21651.0
21638.0
21628.0
21612.0
21600.0
21538.0
21525.0
21604.0
21579.0
21553.0
21541.0
21541.0
21534.0
21512.0
21513.0
21527.0
21508.0
21489.0
21495.0
21491.0
21491.0
21521.0
21450.0
21516.0
21516.0
21537.0
21537.0
21542.0
21522.0
21531.0
21544.0
21533.0
21540.0
21549.0
21555.0
21542.0
21537.0
21525.0
21504.0
21474.0
21471.0
21493.0
21469.0
21530.0
21518.0
21519.0
21520.0
21480.0
21477.0
21503.0
21552.0
21599.0
21617.0
21622.0
21649.0
21669.0
21642.0
21675.0
21679.0
21691.0
21747.0
21749.0
21723.0
21749.0
21703.0
21671.0
21658.0
21646.0
21582.0
21553.0
21486.0
21429.0
21384.0
21343.0
21332.0
21329.0
21383.0
21423.0
21433.0
21374.0
21360.0
21330.0
21325.0
21344.0
21341.0
21340.0
21249.0
21285.0
21243.0
21248.0
21262.0
21276.0
21261.0
21258.0
21248.0
21261.0
21244.0
21250.0
21223.0
21237.0
21260.0
21358.0
21323.0
21289.0
21303.0
21309.0
21353.0
21304.0
21358.0
21399.0
21396.0
21401.0
21389.0
21418.0
21374.0
21362.0
21336.0
21369.0
21355.0
21364.0
21471.0
21481.0
21475.0
21421.0
21364.0
21354.0
21268.0
21227.0
21163.0
21110.0
21102.0
21084.0
21074.0
21136.0
21131.0
21081.0
21077.0
21080.0
21068.0
21067.0
21063.0
21111.0
21059.0
21069.0
21053.0
21057.0
21053.0
21051.0
21056.0
21037.0
20981.0
20965.0
20986.0
21027.0
21078.0
21115.0
21015.0
21000.0
21068.0
21093.0
21076.0
21006.0
21003.0
21112.0
21217.0
21224.0
21192.0
21133.0
21090.0
21076.0
21123.0
21151.0
21161.0
21211.0
21187.0
21168.0
21159.0
21146.0
21125.0
21133.0
21175.0
21117.0
21173.0
21181.0
21171.0
21186.0
21170.0
21168.0
21175.0
21177.0
21113.0
21134.0
21107.0
21107.0
21089.0
21073.0
21074.0
21073.0
21050.0
21070.0
21091.0
21093.0
21090.0
21069.0
21057.0
21057.0
21067.0
21078.0
21079.0
21110.0
21047.0
21102.0
21047.0
21061.0
21037.0
21028.0
21040.0
21053.0
21052.0
21090.0
21104.0
21125.0
21088.0
21047.0
21062.0
21089.0
21111.0
21162.0
21175.0
21200.0
21232.0
21249.0
21233.0
21245.0
21198.0
21210.0
21245.0
21188.0
21171.0
21170.0
21195.0
21251.0
21242.0
21128.0
12950.0
380.0
187.0
137.0
118.0
164.0
137.0
164.0
166.0
160.0
164.0
165.0
157.0
156.0
154.0
160.0
155.0
166.0
157.0
141.0
164.0
161.0
202.0
146.0
160.0
157.0
163.0
155.0
173.0
162.0
154.0
159.0
156.0
153.0
152.0
159.0
89.0
158.0
156.0
156.0
204.0
152.0
160.0
155.0
155.0
92.0
175.0
161.0
156.0
152.0
153.0
156.0
151.0
147.0
153.0
159.0
148.0
154.0
151.0
108.0
151.0
150.0
154.0
149.0
155.0
159.0
160.0
149.0
99.0
158.0
157.0
148.0
155.0
155.0
152.0
147.0
161.0
151.0
153.0
157.0
154.0
153.0
154.0
160.0
155.0
222.0
152.0
155.0
145.0
154.0
150.0
151.0
160.0
149.0
154.0
152.0
150.0
148.0
147.0
158.0
154.0
146.0
153.0
149.0
147.0
153.0
139.0
154.0
149.0
156.0
162.0
151.0
153.0
154.0
152.0
158.0
154.0
152.0
92.0
157.0
151.0
153.0
107.0
144.0
154.0
105.0
155.0
148.0
149.0
151.0
154.0
153.0
159.0
154.0
152.0
150.0
155.0
146.0
201.0
197.0
153.0
155.0
150.0
155.0
148.0
158.0
151.0
150.0
157.0
159.0
155.0
208.0
154.0
156.0
151.0
158.0
151.0
158.0
154.0
155.0
204.0
150.0
161.0
150.0
149.0
155.0
155.0
158.0
159.0
152.0
153.0
152.0
160.0
164.0
216.0
160.0
153.0
152.0
152.0
152.0
154.0
151.0
151.0
161.0
