111.0
113.0
122.0
118.0
118.0
118.0
115.0
113.0
125.0
114.0
117.0
118.0
120.0
113.0
125.0
116.0
116.0
109.0
105.0
120.0
122.0
111.0
113.0
117.0
116.0
120.0
116.0
116.0
116.0
114.0
114.0
125.0
118.0
117.0
120.0
62.0
125.0
108.0
114.0
186.0
113.0
124.0
175.0
108.0
114.0
125.0
117.0
119.0
115.0
114.0
115.0
119.0
114.0
123.0
144.0
121.0
118.0
114.0
123.0
126.0
121.0
120.0
121.0
119.0
122.0
113.0
118.0
113.0
115.0
119.0
117.0
126.0
125.0
184.0
121.0
123.0
122.0
119.0
118.0
118.0
117.0
119.0
122.0
119.0
91.0
179.0
117.0
114.0
116.0
124.0
68.0
117.0
123.0
113.0
126.0
119.0
107.0
118.0
118.0
111.0
130.0
128.0
120.0
124.0
117.0
119.0
119.0
123.0
114.0
113.0
121.0
121.0
121.0
109.0
124.0
122.0
116.0
110.0
115.0
110.0
112.0
118.0
117.0
123.0
124.0
147.0
118.0
118.0
118.0
124.0
114.0
116.0
116.0
117.0
119.0
114.0
117.0
117.0
118.0
112.0
179.0
116.0
112.0
110.0
121.0
115.0
118.0
115.0
118.0
118.0
115.0
115.0
111.0
178.0
117.0
113.0
326.0
480.0
644.0
1137.0
2309.0
5373.0
27566.0
29286.0
31627.0
32262.0
32347.0
32403.0
32450.0
32419.0
32418.0
32431.0
32319.0
32341.0
32341.0
32310.0
32292.0
32299.0
32307.0
32137.0
32083.0
32014.0
31988.0
31956.0
31931.0
31955.0
31952.0
31964.0
31970.0
31961.0
32026.0
32010.0
31992.0
31962.0
31953.0
31966.0
31957.0
31962.0
32017.0
32015.0
31983.0
31953.0
31951.0
32038.0
32005.0
31989.0
31985.0
31954.0
31969.0
31981.0
31989.0
31958.0
31935.0
31941.0
31973.0
31941.0
31975.0
31945.0
31969.0
31979.0
31985.0
31994.0
31948.0
31929.0
31910.0
31918.0
31971.0
31933.0
31910.0
31934.0
32021.0
32005.0
32005.0
31956.0
31895.0
31862.0
31866.0
31902.0
31849.0
31830.0
31917.0
31974.0
31995.0
32008.0
31994.0
31947.0
31913.0
31906.0
31903.0
31891.0
31874.0
31859.0
31884.0
31857.0
31862.0
31871.0
31833.0
31733.0
31670.0
31661.0
31649.0
31659.0
31599.0
31613.0
31619.0
31622.0
31609.0
31620.0
31623.0
31569.0
31505.0
31474.0
31562.0
31636.0
31716.0
31715.0
31704.0
31667.0
31650.0
31633.0
31572.0
31452.0
31516.0
31522.0
31533.0
31535.0
31488.0
31546.0
31541.0
31545.0
31565.0
31511.0
31469.0
31432.0
31374.0
31447.0
31448.0
31434.0
31432.0
31390.0
31413.0
31453.0
31476.0
31487.0
31439.0
31412.0
31334.0
31366.0
31434.0
31498.0
31432.0
31434.0
31414.0
31357.0
31406.0
31374.0
31338.0
31370.0
31356.0
31335.0
31291.0
31264.0
31248.0
31250.0
31257.0
31234.0
31181.0
31080.0
31037.0
31036.0
30979.0
30917.0
30914.0
30981.0
30943.0
30916.0
30961.0
30998.0
30971.0
30962.0
30902.0
30899.0
30766.0
30729.0
30786.0
30817.0
30810.0
30756.0
30668.0
30653.0
30637.0
30627.0
30589.0
30600.0
30631.0
30596.0
30601.0
30608.0
30593.0
30604.0
30635.0
30623.0
30622.0
30494.0
30426.0
30434.0
30437.0
30441.0
30495.0
30580.0
30620.0
30682.0
30723.0
30719.0
30684.0
30556.0
30531.0
30562.0
30568.0
30577.0
30639.0
30647.0
30632.0
30742.0
30694.0
30680.0
30563.0
30563.0
30581.0
30546.0
30544.0
30509.0
30520.0
30535.0
30567.0
30573.0
30621.0
30654.0
30581.0
30494.0
30472.0
30465.0
30448.0
30385.0
30407.0
30435.0
30454.0
30482.0
30556.0
30542.0
30559.0
30420.0
30368.0
30362.0
30343.0
30346.0
30364.0
30389.0
30415.0
30448.0
30520.0
30550.0
30537.0
30433.0
30457.0
30482.0
30490.0
30467.0
30472.0
30509.0
30547.0
30612.0
30656.0
30623.0
30500.0
30335.0
30391.0
30417.0
30453.0
30536.0
30578.0
30609.0
30658.0
30673.0
30702.0
30676.0
30574.0
30566.0
30585.0
30614.0
30617.0
30595.0
30616.0
30639.0
30667.0
30644.0
30648.0
30553.0
30486.0
30457.0
30464.0
30513.0
30441.0
30446.0
30481.0
30482.0
30500.0
30497.0
30479.0
30329.0
30346.0
30244.0
30260.0
30298.0
30337.0
30333.0
30337.0
30374.0
30392.0
30300.0
30258.0
30257.0
30255.0
30315.0
30296.0
30280.0
30333.0
30323.0
30301.0
30271.0
30241.0
30047.0
30035.0
30022.0
30044.0
30064.0
30086.0
30111.0
30128.0
30115.0
30092.0
30114.0
30155.0
29981.0
29948.0
29940.0
29903.0
29914.0
29939.0
29937.0
29968.0
29945.0
29992.0
29999.0
29967.0
29812.0
29817.0
29843.0
29867.0
29878.0
29883.0
29847.0
29933.0
29940.0
29947.0
29974.0
29853.0
29844.0
29822.0
29810.0
29852.0
29879.0
29893.0
29904.0
29974.0
30049.0
30094.0
30015.0
29905.0
29906.0
29914.0
29905.0
29895.0
29900.0
29939.0
29931.0
29939.0
29825.0
29720.0
29703.0
29737.0
29755.0
29773.0
29851.0
29895.0
29915.0
29945.0
29950.0
29938.0
29743.0
29732.0
29739.0
29732.0
29758.0
29772.0
29777.0
29824.0
29829.0
29854.0
29886.0
29770.0
29704.0
29711.0
29757.0
29713.0
29723.0
29688.0
29702.0
29688.0
29790.0
29752.0
29760.0
29815.0
29768.0
29908.0
29932.0
29978.0
30006.0
30026.0
30054.0
30095.0
30103.0
29956.0
29955.0
30005.0
29991.0
29921.0
29998.0
30001.0
29982.0
30022.0
30034.0
30066.0
29939.0
29923.0
29940.0
30002.0
30051.0
30108.0
30206.0
30254.0
30326.0
30393.0
30442.0
30320.0
30266.0
30270.0
30278.0
30348.0
30392.0
30414.0
30446.0
30536.0
30581.0
30694.0
30649.0
30478.0
30419.0
30385.0
30387.0
30409.0
30425.0
30473.0
30564.0
30698.0
30725.0
30652.0
30491.0
30400.0
30360.0
30442.0
30434.0
30475.0
30484.0
30528.0
30532.0
30521.0
30435.0
30444.0
30436.0
30541.0
30608.0
30641.0
30665.0
30693.0
30753.0
30740.0
30709.0
30810.0
30867.0
30793.0
30591.0
30663.0
30715.0
30738.0
30645.0
30557.0
30437.0
30387.0
30409.0
30269.0
30232.0
30241.0
30303.0
30254.0
30350.0
30398.0
30351.0
30325.0
30328.0
30319.0
30305.0
30335.0
30306.0
30278.0
30330.0
30348.0
30251.0
30175.0
30073.0
30040.0
30026.0
30099.0
30159.0
30245.0
30147.0
30157.0
27922.0
2446.0
130.0
123.0
130.0
129.0
129.0
128.0
130.0
131.0
126.0
121.0
129.0
127.0
127.0
122.0
117.0
123.0
131.0
126.0
124.0
123.0
124.0
116.0
128.0
117.0
126.0
123.0
86.0
119.0
125.0
120.0
125.0
123.0
119.0
125.0
120.0
123.0
129.0
128.0
128.0
132.0
124.0
121.0
109.0
121.0
126.0
122.0
122.0
126.0
124.0
126.0
118.0
127.0
130.0
131.0
126.0
127.0
121.0
124.0
127.0
126.0
132.0
130.0
127.0
129.0
123.0
117.0
134.0
116.0
124.0
127.0
126.0
125.0
125.0
126.0
128.0
125.0
130.0
93.0
133.0
133.0
129.0
132.0
127.0
128.0
123.0
130.0
124.0
134.0
120.0
133.0
118.0
120.0
125.0
127.0
163.0
124.0
120.0
122.0
122.0
132.0
130.0
124.0
122.0
125.0
125.0
133.0
129.0
128.0
119.0
127.0
123.0
124.0
125.0
121.0
122.0
125.0
122.0
127.0
122.0
128.0
126.0
121.0
118.0
126.0
121.0
126.0
133.0
126.0
118.0
119.0
125.0
120.0
119.0
141.0
120.0
120.0
125.0
118.0
119.0
181.0
127.0
127.0
118.0
121.0
123.0
123.0
116.0
121.0
128.0
127.0
128.0
115.0
119.0
117.0
118.0
97.0
125.0
171.0
74.0
115.0
125.0
180.0
116.0
124.0
124.0
127.0
126.0
126.0
175.0
122.0
124.0
119.0
117.0
127.0
122.0
119.0
117.0
124.0
118.0
121.0
129.0
118.0
119.0
104.0
126.0
122.0
188.0
126.0
120.0
128.0
123.0
127.0
120.0
127.0
128.0
125.0
133.0
125.0
127.0
116.0
128.0
126.0
120.0
130.0
125.0
130.0
121.0
129.0
126.0
129.0
128.0
127.0
122.0
129.0
132.0
133.0
126.0
117.0
117.0
134.0
123.0
184.0
96.0
191.0
123.0
122.0
131.0
124.0
125.0
120.0
130.0
126.0
122.0
119.0
128.0
119.0
130.0
126.0
121.0
121.0
115.0
183.0
120.0
120.0
121.0
129.0
125.0
127.0
124.0
119.0
120.0
125.0
120.0
124.0
123.0
125.0
118.0
124.0
127.0
124.0
123.0
122.0
124.0
119.0
123.0
122.0
118.0
125.0
127.0
128.0
121.0
120.0
124.0
125.0
125.0
121.0
119.0
122.0
119.0
172.0
120.0
160.0
122.0
127.0
121.0
124.0
120.0
122.0
124.0
124.0
122.0
125.0
125.0
133.0
119.0
131.0
118.0
127.0
119.0
122.0
122.0
120.0
121.0
180.0
120.0
126.0
122.0
126.0
123.0
131.0
128.0
67.0
125.0
123.0
127.0
122.0
166.0
127.0
132.0
123.0
132.0
120.0
126.0
124.0
121.0
130.0
132.0
127.0
126.0
120.0
191.0
124.0
135.0
127.0
128.0
127.0
122.0
126.0
122.0
133.0
126.0
136.0
129.0
127.0
126.0
119.0
123.0
124.0
123.0
120.0
126.0
102.0
123.0
125.0
123.0
120.0
125.0
170.0
127.0
124.0
122.0
126.0
121.0
124.0
130.0
121.0
122.0
126.0
119.0
175.0
119.0
130.0
123.0
117.0
128.0
116.0
127.0
126.0
121.0
132.0
125.0
124.0
123.0
127.0
120.0
85.0
122.0
145.0
1924.0
4303.0
5308.0
10719.0
18401.0
23174.0
23885.0
24803.0
26293.0
26649.0
26756.0
27088.0
27873.0
28539.0
28406.0
28823.0
29159.0
29329.0
29492.0
29663.0
29612.0
29708.0
29897.0
30005.0
29969.0
29994.0
30021.0
29953.0
29858.0
29774.0
29749.0
29675.0
29120.0
28463.0
28047.0
27704.0
27355.0
27281.0
27293.0
27242.0
27248.0
26895.0
26757.0
27068.0
27381.0
27466.0
27254.0
27411.0
27473.0
27536.0
27520.0
27531.0
27932.0
28021.0
28029.0
28281.0
28248.0
28366.0
28467.0
28467.0
28150.0
28205.0
28447.0
28723.0
28659.0
27974.0
27539.0
27689.0
28105.0
28244.0
28210.0
27863.0
27737.0
27931.0
28162.0
28305.0
28423.0
28406.0
28523.0
28618.0
28658.0
28339.0
28019.0
28039.0
28071.0
28184.0
28092.0
28115.0
28123.0
28176.0
28270.0
28455.0
28277.0
28403.0
28057.0
27989.0
27867.0
28201.0
28198.0
28041.0
27983.0
28097.0
27967.0
27980.0
28012.0
28144.0
27985.0
27771.0
27598.0
27518.0
27228.0
27106.0
27058.0
27102.0
27218.0
27316.0
28205.0
28518.0
28499.0
27598.0
27175.0
27031.0
26989.0
27061.0
27071.0
27027.0
27115.0
27193.0
27017.0
26785.0
26492.0
26596.0
26554.0
26394.0
26440.0
26491.0
26527.0
26455.0
26370.0
26381.0
26274.0
26305.0
26209.0
26127.0
26158.0
26223.0
26187.0
26119.0
25978.0
25986.0
26047.0
26105.0
26131.0
26087.0
26071.0
26185.0
26167.0
26193.0
26379.0
26383.0
26220.0
26194.0
26174.0
26204.0
26176.0
26135.0
26030.0
26143.0
26050.0
25811.0
25762.0
25639.0
25439.0
25318.0
25240.0
25199.0
25316.0
25279.0
25582.0
25818.0
25929.0
25999.0
26206.0
26275.0
26284.0
26262.0
26324.0
26359.0
26678.0
27346.0
27370.0
27572.0
27511.0
27418.0
27613.0
27891.0
27966.0
27961.0
27712.0
27489.0
27528.0
27195.0
27116.0
27118.0
26993.0
26940.0
26826.0
26792.0
26754.0
26810.0
26862.0
26850.0
26887.0
26977.0
26875.0
26919.0
26989.0
26976.0
26930.0
26946.0
26907.0
26879.0
26829.0
26834.0
26703.0
26682.0
26470.0
26440.0
26480.0
26566.0
26629.0
26646.0
26740.0
26912.0
27121.0
27172.0
27303.0
27535.0
28041.0
27928.0
27925.0
27869.0
27762.0
27654.0
27694.0
27688.0
27638.0
27656.0
27733.0
27855.0
27646.0
27641.0
27712.0
27622.0
27682.0
27772.0
27881.0
27824.0
27759.0
27702.0
27582.0
27448.0
27270.0
27171.0
27150.0
27101.0
27327.0
27294.0
27218.0
27244.0
27419.0
27551.0
27675.0
27789.0
27701.0
27736.0
27775.0
27624.0
27622.0
27581.0
27522.0
27464.0
27499.0
27582.0
27684.0
27810.0
27600.0
27504.0
27397.0
27321.0
27281.0
27248.0
27166.0
27241.0
27355.0
27394.0
27410.0
27500.0
27576.0
27353.0
27235.0
27304.0
27052.0
26928.0
26869.0
26753.0
26719.0
26755.0
26815.0
26958.0
26872.0
26723.0
26660.0
26665.0
26600.0
26588.0
26550.0
26436.0
26440.0
26522.0
26498.0
26424.0
26464.0
26493.0
26595.0
26644.0
26667.0
26644.0
26608.0
26570.0
26546.0
26460.0
26340.0
26548.0
26442.0
26363.0
26335.0
26321.0
26308.0
26218.0
26224.0
26272.0
26208.0
26148.0
26188.0
26257.0
26163.0
26161.0
26215.0
26224.0
26236.0
26291.0
26284.0
26299.0
26262.0
26272.0
26305.0
26232.0
26243.0
26302.0
26324.0
26302.0
26274.0
26240.0
26191.0
26154.0
26087.0
26153.0
26172.0
26266.0
26210.0
26191.0
26233.0
26133.0
26113.0
26160.0
26322.0
26441.0
26476.0
26497.0
26551.0
26636.0
26557.0
26617.0
26680.0
26677.0
26858.0
26866.0
26791.0
26858.0
26750.0
26664.0
26635.0
26602.0
26414.0
26342.0
26175.0
26012.0
25904.0
25794.0
25763.0
25747.0
25899.0
25989.0
26040.0
25863.0
25814.0
25743.0
25750.0
25786.0
25792.0
25784.0
25758.0
25606.0
25570.0
25603.0
25623.0
25676.0
25635.0
25616.0
25605.0
25633.0
25576.0
25557.0
25534.0
25564.0
25648.0
25721.0
25794.0
25712.0
25752.0
25766.0
25889.0
25932.0
25898.0
26038.0
26011.0
26036.0
26089.0
26078.0
25955.0
25953.0
25820.0
25863.0
25927.0
26007.0
26140.0
26260.0
26271.0
26142.0
25984.0
25957.0
25752.0
25642.0
25470.0
25355.0
25319.0
25290.0
25272.0
25276.0
25278.0
25279.0
25301.0
25323.0
25224.0
25275.0
25265.0
25261.0
25257.0
25281.0
25280.0
25256.0
25270.0
25261.0
25284.0
25233.0
25095.0
25051.0
25087.0
25220.0
25337.0
25441.0
25393.0
25305.0
25330.0
25385.0
25349.0
25179.0
25158.0
25425.0
25676.0
25703.0
25611.0
25473.0
25344.0
25319.0
25453.0
25483.0
25521.0
25551.0
25673.0
25525.0
25537.0
25507.0
25455.0
25481.0
25508.0
25592.0
25604.0
25618.0
25589.0
25651.0
25598.0
25595.0
25611.0
25618.0
25569.0
25500.0
25461.0
25455.0
25417.0
25370.0
25343.0
25378.0
25313.0
25358.0
25425.0
25428.0
25416.0
25382.0
25336.0
25346.0
25367.0
25449.0
25390.0
25433.0
25453.0
25448.0
25390.0
25342.0
25272.0
25283.0
25279.0
25306.0
25311.0
25389.0
25441.0
25478.0
25390.0
25298.0
25313.0
25389.0
25434.0
25566.0
25611.0
25722.0
25727.0
25797.0
25764.0
25787.0
25678.0
25692.0
25657.0
25625.0
25581.0
25570.0
25711.0
25773.0
25749.0
25378.0
11608.0
185.0
126.0
124.0
129.0
127.0
130.0
129.0
125.0
130.0
129.0
135.0
126.0
125.0
124.0
133.0
130.0
123.0
127.0
122.0
118.0
134.0
122.0
120.0
126.0
127.0
125.0
119.0
130.0
126.0
128.0
116.0
122.0
119.0
121.0
118.0
126.0
119.0
122.0
123.0
121.0
115.0
124.0
119.0
121.0
119.0
125.0
126.0
170.0
124.0
120.0
124.0
121.0
170.0
123.0
128.0
122.0
120.0
122.0
125.0
120.0
126.0
127.0
120.0
129.0
119.0
122.0
129.0
126.0
119.0
119.0
122.0
123.0
117.0
126.0
125.0
119.0
122.0
125.0
124.0
120.0
119.0
118.0
119.0
120.0
127.0
124.0
116.0
122.0
115.0
122.0
114.0
122.0
127.0
122.0
179.0
119.0
117.0
142.0
115.0
120.0
119.0
119.0
180.0
171.0
118.0
128.0
123.0
175.0
125.0
127.0
120.0
170.0
123.0
122.0
118.0
121.0
120.0
126.0
124.0
122.0
121.0
123.0
157.0
122.0
123.0
120.0
122.0
124.0
123.0
110.0
121.0
118.0
119.0
189.0
124.0
128.0
120.0
121.0
120.0
124.0
120.0
126.0
124.0
119.0
121.0
116.0
124.0
127.0
121.0
124.0
126.0
131.0
123.0
123.0
123.0
119.0
123.0
130.0
125.0
130.0
128.0
116.0
123.0
167.0
126.0
118.0
127.0
122.0
126.0
134.0
124.0
123.0
130.0
124.0
96.0
124.0
122.0
186.0
117.0
126.0
128.0
121.0
128.0
